- model: core.coursestudent
  pk: 1
  fields:
    student: 5
    course: 1
    created: 2019-06-25 17:04:47.476228+00:00
    updated: 2019-06-25 17:04:47.476228+00:00
- model: core.coursestudent
  pk: 2
  fields:
    student: 6
    course: 1
    created: 2019-06-25 17:04:52.973872+00:00
    updated: 2019-06-25 17:04:52.973872+00:00
- model: core.coursestudent
  pk: 3
  fields:
    student: 7
    course: 1
    created: 2019-06-25 17:05:43.518680+00:00
    updated: 2019-06-25 17:05:43.518680+00:00
- model: core.coursestudent
  pk: 4
  fields:
    student: 5
    course: 2
    created: 2019-06-25 17:06:09.759341+00:00
    updated: 2019-06-25 17:06:09.759341+00:00
